6
lines false 1 255 0 0 6 60.0 223.0 119.0 347.0 49.0 341.0 127.0 231.0 108.0 196.0 48.0 185.0 
ellipse false 1 255 0 0 2 483.0 186.0 570.0 276.0 
rec true 1 255 156 0 2 402.0 449.0 532.0 494.0 
polygon true 1 255 156 0 5 67.0 494.0 99.0 420.0 127.0 495.0 60.0 444.0 148.0 436.0 
polygon true 1 255 156 0 6 183.37570492303 453.0980202882353 216.29751562261845 331.01297227726127 258.8215211095869 448.9827939507867 165.54305746075278 363.93478297684976 268.42371589696694 368.0500093142983 186.1191891479957 451.7262781757523 
polygon true 1 255 156 0 10 471.0345 411.11070000000007 495.3102 409.1424 501.8712 383.5545 515.6493 409.1424 535.9884 410.45459999999997 514.9931999999999 422.9205 522.8664 440.6352 498.5907 428.82540000000006 475.6272 439.32300000000004 489.4053 422.2644 
4
你好世界65 390 255 255 255 楷体 0 25
华文彩云276 381 255 255 255 华文彩云 0 25
宋体283 458 255 0 0 宋体 0 25
Forte447 246 255 0 0 Forte 0 80
3
F:\The Course\Java应用设计\Project\miniCAD_finalversion\miniCAD\image\1.jpg343.0 24.0 123.78562555830904 220.0633343258827
F:\The Course\Java应用设计\Project\miniCAD_finalversion\miniCAD\image\2.PNG53.0 21.0 130.30065848243058 231.64561507987653
F:\The Course\Java应用设计\Project\miniCAD_finalversion\miniCAD\image\2.PNG166.0 165.0 151.97627465511658 270.18004383131836
